01000011000000000000000000000001
01000110000000000000000000000000
01000000000000000000000000001001
01001001000000000000000000000101
01000111000000000000000000000010
01001000000000000000000000000011
01000100000000000000000000000000
01000101000000000000000000000000
01000010000000000000000000000000
01000011000000000000000000000000
01000000000000000000000000000000
01000001000000000000000000000000
00100100000000000000000000001110
00100101000000000000000000001111
00100010000000000000000000010000
00100011000000000000000000010001
00100000000000000000000000010010
00100001000000000000000000010011
00010001000000000000000000000011
00000000000000000000000000010101
10010000000000000000000000100011
00010001000000000000000000001000
01010110000100000000000000000000
00000000000000000000000000011000
00010001000000000000000000001000
01010011000100000000000000000000
00000000000000000000000000110100
10010000000000000000000000011000
00010001000000000000000000001001
01010110000100000000000000000000
00000000000000000000000000011111
00010001000000000000000000001001
01010011000100000000000000000000
00000000000000000000000001000000
10010000000000000000000000011111
00010010000000000000000000001100
01010011001000000000000000000000
00000000000000000000000000100111
10010000000000000000000000001100
00010010000000000000000000001101
00110110001000000000000000000000
01010001000000000000000000000000
00000000000000000000000000101110
01100011000100010000000000000000
00110001000100000000000000000000
10010000000000000000000000001100
00110110000100000000000000000000
01010000100100000000000000000000
00000000000000000000000000110100
01100011000000010000000000000000
00110001000000000000000000000000
10010000000000000000000000001100
00110110000000000000000000000000
01010011000000000000000000000000
00000000000000000000000000111010
01100011001100010000000000000000
00110001001100000000000000000000
10010000000000000000000000001100
00110110001100000000000000000000
01010010100100000000000000000000
00000000000000000000000001000000
01100011001000010000000000000000
00110001001000000000000000000000
10010000000000000000000000001100
00110110001000000000000000000000
01010101000000000000000000000000
00000000000000000000000001001000
01010101100000000000000000000000
00000000000000000000000001001100
01100011010100010000000000000000
00110001010100000000000000000000
10010000000000000000000000001100
00110110010100000000000000000000
01100011010000010000000000000000
00110001010000000000000000000000
10010000000000000000000000001100
01010100011100000000000000000000
00000000000000000000000000000110
10010000000000000000000001000101